KMeand PR      KMeans Time   MS PR           MS Time
Full Data
0.566265060241 174.29654789 0.313253012048 223.637206078
0.638554216867 170.642232895 0.313253012048 213.267196178
0.60843373494 189.818565845 0.313253012048 233.38567996
0.632530120482 176.01454711 0.313253012048 216.007437944
0.614457831325 218.575281858 0.313253012048 310.840219021
0.602409638554 181.804908991 0.313253012048 273.368149042
Projected
0.626506024096 0.169184923172 0.403614457831 0.22710609436
0.602409638554 0.142507076263 0.349397590361 0.203033924103
0.596385542169 0.155734062195 0.301204819277 0.209366798401
0.60843373494 0.160093069077 0.295180722892 0.259978055954
0.572289156627 0.165759086609 0.277108433735 0.309743881226
0.614457831325 0.147255897522 0.33734939759 0.311525821686
LLE
0.548192771084 0.260374069214 0.620481927711 0.558030128479
0.542168674699 0.342665910721 0.620481927711 0.871100902557
0.548192771084 0.349990844727 0.620481927711 0.540548086166
0.5 0.370579957962 0.620481927711 0.523778915405
0.493975903614 0.239859104156 0.620481927711 0.53457903862
0.548192771084 0.269570112228 0.620481927711 0.94592499733
SVD Projection
0.614457831325 4.35086393356 0.313253012048 4.8957028389
0.644578313253 5.83833789825 0.361445783133 6.35392308235
0.60843373494 10.3727269173 0.313253012048 10.128401041
0.614457831325 4.29621601105 0.343373493976 4.91869401932
0.614457831325 4.51089096069 0.361445783133 5.49792098999
0.650602409639 4.59481096268 0.325301204819 5.27319693565
